ss|-40|2.97|5 1.795330
fs|27|2.97|5 1.759179
typical|27|3.30|5 2.168245
typical|27|3.30|6 1.097361
ff|-40|3.30|5 2.536691
ff|-40|3.30|6 1.351870
typical|-40|2.97|5 1.998098
typical|-40|2.97|6 0.984501
sf|-40|3.30|5 2.467040
sf|-40|3.30|6 1.262736
ss|27|3.30|5 1.988423
ss|27|3.30|6 0.936502
ff|125|2.97|5 1.730816
sf|125|2.97|5 1.587234
sf|27|2.97|5 1.840241
typical|125|3.63|5 2.182040
typical|125|3.63|6 1.091235
fs|125|3.30|5 1.849983
fs|125|3.30|6 0.911307
typical|27|3.63|5 2.499441
typical|27|3.63|6 1.309655
ss|125|3.30|5 1.708248
fs|-40|3.30|5 2.340062
ff|27|3.30|5 2.294537
fs|-40|3.30|6 1.228299
ff|27|3.30|6 1.214625
ss|-40|3.30|5 2.224552
ss|-40|3.30|6 1.092063
ff|-40|3.63|6 1.547752
sf|-40|3.63|6 1.495146
fs|27|3.30|5 2.111335
fs|27|3.30|6 1.089370
ss|27|3.63|5 2.358082
ss|27|3.63|6 1.189905
typical|-40|3.30|5 2.404985
typical|-40|3.30|6 1.246809
ff|125|3.30|5 2.021449
ff|125|3.30|6 1.030729
typical|125|2.97|5 1.565654
fs|125|3.63|5 2.142105
fs|125|3.63|6 1.094876
sf|125|3.30|5 1.911221
ss|125|3.63|5 2.034022
ss|125|3.63|6 0.943807
sf|27|3.30|5 2.209996
sf|27|3.30|6 1.099686
ff|27|3.63|5 2.595439
fs|-40|3.63|6 1.449860
ff|27|3.63|6 1.394240
typical|27|2.97|5 1.799859
ss|-40|3.63|5 2.642997
ss|-40|3.63|6 1.363398
fs|27|3.63|5 2.442597
fs|27|3.63|6 1.296228
ff|-40|2.97|5 2.176103
ff|-40|2.97|6 1.130008
sf|-40|2.97|5 2.054661
sf|-40|2.97|6 0.988984
ss|27|2.97|5 1.600766
typical|-40|3.63|6 1.476139
ff|125|3.63|5 2.289409
ff|125|3.63|6 1.198242
sf|125|3.63|5 2.211710
sf|125|3.63|6 1.077507
sf|27|3.63|5 2.547430
sf|27|3.63|6 1.317277
fs|125|2.97|5 1.540652
ss|125|2.97|4 2.579514
ss|125|2.97|5 1.367349
typical|125|3.30|5 1.883146
fs|-40|2.97|5 1.947904
typical|125|3.30|6 0.901640
ff|27|2.97|5 1.966580
fs|-40|2.97|6 0.980036
ff|27|2.97|6 1.007763
